1	0.16666666666666666
2	0.15833333333333333
3	0.16666666666666666
4	0.20833333333333337
5	0.19999999999999998
6	0.16666666666666666
7	0.18095238095238095
8	0.16875
9	0.15185185185185188
10	0.1416666666666667
11	0.12424242424242422
12	0.14444444444444446
13	0.14743589743589738
14	0.1488095238095238
15	0.1322222222222222
16	0.13645833333333332
17	0.14019607843137255
18	0.15740740740740738
19	0.1771929824561404
20	0.17583333333333334
21	0.1880952380952381
22	0.2007575757575758
23	0.213768115942029
24	0.21458333333333338
25	0.21999999999999997
26	0.22564102564102564
27	0.22037037037037038
28	0.2267857142857143
29	0.23448275862068965
30	0.22888888888888892
31	0.23548387096774195
32	0.22343749999999998
33	0.2146464646464646
34	0.21715686274509802
35	0.21809523809523812
36	0.24074074074074073
37	0.2531531531531531
38	0.256578947368421
39	0.24358974358974358
40	0.2608333333333333
41	0.26097560975609757
42	0.24920634920634918
43	0.24457364341085278
44	0.24393939393939396
45	0.24074074074074076
46	0.24420289855072466
47	0.25531914893617014
48	0.26423611111111106
49	0.2673469387755102
50	0.25633333333333336
51	0.2431372549019608
52	0.24711538461538465
53	0.2380503144654088
54	0.2401234567901235
55	0.24424242424242423
56	0.2398809523809524
57	0.23391812865497072
58	0.2419540229885058
59	0.24887005649717517
60	0.2602777777777778
61	0.26284153005464483
62	0.27177419354838706
63	0.2669312169312169
64	0.26822916666666663
65	0.26076923076923075
66	0.2563131313131313
67	0.24378109452736318
68	0.2450980392156863
69	0.2422705314009662
70	0.24238095238095236
71	0.24718309859154924
72	0.23912037037037037
73	0.23082191780821917
74	0.23378378378378378
75	0.2244444444444444
76	0.21732456140350878
77	0.21428571428571427
78	0.2098290598290598
79	0.20611814345991558
80	0.20999999999999996
81	0.2080246913580247
82	0.20995934959349594
83	0.20763052208835342
84	0.2007936507936508
85	0.20098039215686275
86	0.2048449612403101
87	0.2068965517241379
88	0.21117424242424243
89	0.2129213483146067
90	0.22148148148148153
91	0.2227106227106227
92	0.2126811594202899
93	0.207168458781362
94	0.2122340425531915
95	0.21157894736842106
96	0.21458333333333332
97	0.21185567010309275
98	0.21088435374149658
99	0.21161616161616162
100	0.21683333333333335
101	0.20759075907590757
102	0.2019607843137255
103	0.19757281553398057
104	0.19615384615384612
105	0.19365079365079363
106	0.2001572327044025
107	0.20498442367601244
108	0.20555555555555563
109	0.20810397553516816
110	0.20909090909090908
111	0.20645645645645647
112	0.2080357142857143
113	0.21238938053097348
114	0.21228070175438593
115	0.203768115942029
116	0.20373563218390806
117	0.20284900284900287
118	0.18940677966101696
119	0.1879551820728291
120	0.1893055555555556
121	0.19848484848484846
122	0.19685792349726774
123	0.19905149051490512
124	0.20268817204301076
125	0.20773333333333335
126	0.2132275132275132
127	0.2143044619422572
128	0.21927083333333336
129	0.22338501291989657
130	0.2194871794871795
131	0.21984732824427486
132	0.22436868686868686
133	0.21766917293233082
134	0.22002487562189058
135	0.22209876543209872
136	0.2292892156862745
137	0.22992700729927007
138	0.2242753623188406
139	0.2182254196642686
140	0.21309523809523812
141	0.20697399527186763
142	0.20293427230046945
143	0.1988344988344988
144	0.1987268518518518
145	0.20195402298850576
146	0.207648401826484
147	0.21088435374149658
148	0.21441441441441436
149	0.2116331096196868
150	0.21255555555555553
151	0.21490066225165563
152	0.22039473684210523
153	0.22047930283224407
154	0.21677489177489176
155	0.21225806451612905
156	0.20373931623931624
157	0.201380042462845
158	0.2022151898734178
159	0.20356394129979033
160	0.20197916666666665
161	0.20238095238095236
162	0.20185185185185184
163	0.20112474437627811
164	0.2032520325203252
165	0.20464646464646466
166	0.21044176706827308
167	0.20219560878243512
168	0.20634920634920637
169	0.20641025641025643
170	0.2100980392156863
171	0.2084795321637427
172	0.20794573643410855
173	0.20260115606936419
174	0.1995210727969349
175	0.1977142857142857
176	0.1975378787878788
177	0.19472693032015068
178	0.1890449438202247
179	0.1845437616387337
180	0.18305555555555558
181	0.18360957642725603
182	0.18498168498168496
183	0.19216757741347906
184	0.19846014492753622
185	0.20072072072072075
186	0.1956989247311828
187	0.19607843137254902
188	0.1948581560283688
189	0.19021164021164016
190	0.1907894736842105
191	0.18848167539267016
192	0.19374999999999998
193	0.19602763385146804
194	0.19914089347079036
195	0.19880341880341879
196	0.20391156462585036
197	0.20456852791878172
198	0.19873737373737382
199	0.19731993299832495
200	0.1998333333333333
201	0.19759535655058044
202	0.19867986798679874
203	0.19597701149425284
204	0.1923202614379085
205	0.19056910569105692
206	0.18608414239482202
207	0.1881642512077295
208	0.1921474358974359
209	0.19098883572567776
210	0.19134920634920635
211	0.1939968404423381
212	0.19567610062893087
213	0.19608763693270737
214	0.19774143302180686
215	0.1998449612403101
216	0.19984567901234568
217	0.2
218	0.1974006116207951
219	0.19558599695586
220	0.19818181818181815
221	0.19449472096530918
222	0.19684684684684686
223	0.193796711509716
224	0.19769345238095237
225	0.1948888888888889
226	0.1985250737463127
227	0.20088105726872246
228	0.1905701754385965
229	0.18922852983988353
230	0.19173913043478263
231	0.1922799422799423
232	0.1903735632183908
233	0.1856223175965665
234	0.1827635327635328
235	0.18035460992907804
236	0.18333333333333332
237	0.1779887482419128
238	0.18053221288515406
239	0.18423988842398886
240	0.18520833333333336
241	0.18609958506224067
242	0.18842975206611576
243	0.18655692729766807
244	0.18538251366120223
245	0.1851020408163265
246	0.1828590785907859
247	0.18556005398110662
248	0.18649193548387094
249	0.18547523427041498
250	0.18413333333333334
251	0.18731739707835324
252	0.18584656084656084
253	0.1878129117259552
254	0.18832020997375323
255	0.18947712418300658
256	0.19095052083333333
257	0.18936446173800262
258	0.18585271317829455
259	0.1862934362934363
260	0.1846153846153846
261	0.18237547892720307
262	0.1795165394402036
263	0.1779467680608365
264	0.18207070707070708
265	0.1779874213836478
266	0.17631578947368418
267	0.17808988764044945
268	0.17562189054726365
269	0.1741016109045849
270	0.17641975308641977
271	0.17841328413284135
272	0.1789828431372549
273	0.17851037851037851
274	0.17986618004866178
275	0.1881818181818182
276	0.18695652173913047
277	0.18610108303249095
278	0.19070743405275783
279	0.18942652329749105
280	0.18648809523809526
281	0.1824436536180309
282	0.1819148936170213
283	0.1845700824499411
284	0.18092723004694836
285	0.180233918128655
286	0.18205128205128204
287	0.18315911730545875
288	0.1806134259259259
289	0.1798731257208766
290	0.18488505747126435
291	0.1856815578465063
292	0.18156392694063928
293	0.18122866894197956
294	0.17953514739229026
295	0.18259887005649714
296	0.17809684684684682
297	0.17682379349046018
298	0.174496644295302
299	0.17508361204013378
300	0.17322222222222222
301	0.17541528239202656
302	0.17599337748344374
303	0.17788778877887793
304	0.1768092105263158
305	0.1741530054644809
306	0.17598039215686276
307	0.18083604777415854
308	0.17949134199134195
309	0.175242718446602
310	0.17693548387096772
311	0.17599142550911037
312	0.1749465811965812
313	0.17476038338658148
314	0.1762208067940552
315	0.17185185185185184
316	0.17188818565400843
317	0.17245005257623555
318	0.17479035639412996
319	0.1769070010449321
320	0.17401041666666664
321	0.17377985462097612
322	0.17101449275362318
323	0.17285861713106296
324	0.17294238683127572
325	0.17564102564102563
326	0.17852760736196321
327	0.17431192660550457
328	0.1779979674796748
329	0.17629179331306988
330	0.17434343434343438
331	0.16863041289023162
332	0.1713855421686747
333	0.16936936936936936
334	0.1720558882235529
335	0.17004975124378108
336	0.17147817460317463
337	0.17403560830860537
338	0.17509861932938858
339	0.17335299901671583
340	0.1754901960784314
341	0.1766373411534702
342	0.17894736842105263
343	0.17662779397473274
344	0.17160852713178293
345	0.17429951690821255
346	0.1709537572254335
347	0.17060518731988472
348	0.16949233716475096
349	0.166523400191022
350	0.16557142857142856
351	0.17231718898385562
352	0.16903409090909094
353	0.16888574126534467
354	0.16850282485875706
355	0.16774647887323943
356	0.17017790262172283
357	0.16820728291316528
358	0.17136871508379886
359	0.17168059424326834
360	0.17254629629629625
361	0.17068328716528167
362	0.16883057090239412
363	0.16836547291092746
364	0.1708791208791209
365	0.1710958904109589
366	0.16853369763205828
367	0.16680290644868304
368	0.166213768115942
369	0.1661698283649503
370	0.1632432432432432
371	0.161141060197664
372	0.15999103942652332
373	0.16117068811438784
374	0.1648841354723707
375	0.16404444444444446
376	0.16600177304964542
377	0.163262599469496
378	0.16865079365079366
379	0.16767810026385221
380	0.16166666666666665
381	0.16557305336832895
382	0.16531413612565446
383	0.1675805047867711
384	0.169140625
385	0.16662337662337662
386	0.16662348877374786
387	0.17286821705426358
388	0.17195017182130581
389	0.1706083976006855
390	0.1723931623931624
391	0.1729326513213981
392	0.17210884353741496
393	0.17561492790500427
394	0.17690355329949234
395	0.17843881856540084
396	0.178493265993266
397	0.17732997481108312
398	0.1757118927973199
399	0.17435254803675856
400	0.17604166666666668
401	0.17169576059850378
402	0.1697761194029851
403	0.1688585607940447
404	0.1713696369636964
405	0.17489711934156377
406	0.17483579638752053
407	0.17399672399672397
408	0.17401960784313725
409	0.17343113284433578
410	0.17182926829268297
411	0.16869424168694241
412	0.16917475728155337
413	0.16759483454398708
414	0.16831723027375203
415	0.16815261044176705
416	0.166786858974359
417	0.1672661870503597
418	0.16531100478468896
419	0.16742243436754176
420	0.16412698412698412
421	0.16726049089469514
422	0.16544233807266986
423	0.16863672182821116
424	0.16902515723270442
425	0.16960784313725488
426	0.16932707355242566
427	0.16998438719750197
428	0.16861370716510907
429	0.17094017094017094
430	0.17011627906976745
431	0.17254447022428462
432	0.1719135802469136
433	0.17374903772132408
434	0.17334869431643624
435	0.17406130268199232
436	0.17327981651376145
437	0.1721586575133486
438	0.17222222222222222
439	0.1722095671981777
440	0.17030303030303032
441	0.1702569916855631
442	0.1677601809954751
443	0.16546275395033858
444	0.16584084084084083
445	0.1654307116104869
446	0.16584454409566515
447	0.16189410887397468
448	0.15974702380952377
449	0.16005939123979213
450	0.16037037037037036
451	0.16005173688100516
452	0.16002949852507373
453	0.16225165562913904
454	0.1633627019089574
455	0.1638461538461538
456	0.1633771929824561
457	0.16444201312910284
458	0.1610625909752547
459	0.16013071895424832
460	0.1630072463768116
461	0.16348517715112074
462	0.16410533910533912
463	0.16490280777537797
464	0.1641522988505747
465	0.1646594982078853
466	0.16455650929899854
467	0.16741613133476088
468	0.16392450142450143
469	0.16286425017768302
470	0.16322695035460993
471	0.16843595187544227
472	0.169774011299435
473	0.16684284707540523
474	0.16793248945147676
475	0.16866666666666666
476	0.16862745098039214
477	0.16733053808525508
478	0.1662831241283124
479	0.16610995128740433
480	0.16652777777777775
481	0.16749826749826752
482	0.16282849239280775
483	0.163216011042098
484	0.16177685950413223
485	0.1655670103092784
486	0.1669410150891632
487	0.16392881587953456
488	0.1641393442622951
489	0.16407634628493523
490	0.16170068027210888
491	0.1588594704684318
492	0.15965447154471543
493	0.16152805949966195
494	0.15968286099865045
495	0.16053872053872054
496	0.1619623655913979
497	0.16351441985244802
498	0.16285140562248995
499	0.16195724782899132
500	0.1638666666666667
501	0.16304058549567532
502	0.16364541832669324
503	0.16484426772697147
504	0.16765873015873017
505	0.16633663366336635
506	0.1656126482213439
507	0.16344510190664038
508	0.1625656167979003
509	0.1621480026195154
510	0.1583986928104575
511	0.15616438356164383
512	0.15563151041666665
513	0.15454840805717998
514	0.15528534370946823
515	0.1553074433656958
516	0.15788113695090444
517	0.1590909090909091
518	0.16016731016731017
519	0.16525369299935772
520	0.16615384615384615
521	0.16423544465770956
522	0.16353767560664112
523	0.16647546207775654
524	0.16777989821882952
525	0.16596825396825396
526	0.16558935361216734
527	0.16002530044275776
528	0.15868055555555557
529	0.1580970384373031
530	0.15484276729559746
531	0.15241682360326422
532	0.14761904761904762
533	0.15046904315197
534	0.15243445692883892
535	0.14934579439252338
536	0.14838308457711444
537	0.1462135319677219
538	0.1482651796778191
539	0.15061842918985777
540	0.14962962962962964
541	0.1494146642020949
542	0.14846248462484626
543	0.14981583793738493
544	0.14954044117647058
545	0.14761467889908256
546	0.1492063492063492
547	0.14868982327848873
548	0.14577250608272507
549	0.1435640558591378
550	0.14290909090909093
551	0.14292196007259528
552	0.1421799516908212
553	0.13948161543098253
554	0.13932009626955474
555	0.1413213213213213
556	0.1438549160671463
557	0.14099341711549968
558	0.13796296296296298
559	0.13840190816935002
560	0.1386011904761905
561	0.13787878787878788
562	0.13784104389086596
563	0.13866193013617525
564	0.13900709219858154
565	0.13825958702064897
566	0.13825088339222616
567	0.13483245149911818
568	0.1370598591549296
569	0.13500292911540715
570	0.13742690058479534
571	0.13604786923525974
572	0.13470279720279718
573	0.13566026759744038
574	0.13716608594657378
575	0.1376231884057971
576	0.13686342592592593
577	0.13980358174465626
578	0.14108996539792387
579	0.14225676453655728
580	0.14215517241379308
581	0.13961560527825587
582	0.13957617411225656
583	0.13942252715837622
584	0.1423801369863014
585	0.14364672364672368
586	0.1420079635949943
587	0.14202157864849516
588	0.14214852607709752
589	0.14244482173174872
590	0.14358757062146893
591	0.1437112239142696
592	0.14186373873873875
593	0.1410342889263631
594	0.1410493827160494
595	0.14246498599439775
596	0.14538590604026846
597	0.14581239530988274
598	0.1463210702341137
599	0.14760712298274903
600	0.14822222222222223
601	0.14908485856905154
602	0.15008305647840528
603	0.15129906025428413
604	0.14955849889624723
605	0.15063360881542698
606	0.15099009900990099
607	0.14876441515650743
608	0.1480263157894737
609	0.14685276409414344
610	0.14658469945355196
611	0.14934533551554827
612	0.14882897603485837
613	0.14910277324632953
614	0.1489956568946797
615	0.148130081300813
616	0.14494047619047618
617	0.14389519178822258
618	0.14420172599784248
619	0.14550350026925146
620	0.1445698924731183
621	0.14551798174986583
622	0.14437299035369774
623	0.1447298020331728
624	0.14620726495726497
625	0.14869333333333334
626	0.1483226837060703
627	0.14667729930887827
628	0.14599256900212315
629	0.14451510333863277
630	0.14544973544973544
631	0.14823032223983096
632	0.1497362869198312
633	0.1510531858873091
634	0.1509989484752892
635	0.149501312335958
636	0.1494496855345912
637	0.14816849816849817
638	0.14887669801462905
639	0.15143453312467398
640	0.151796875
641	0.14906396255850232
642	0.1498442367601246
643	0.15012960082944532
644	0.1509575569358178
645	0.14899224806201553
646	0.15082559339525284
647	0.15164863472436887
648	0.15249485596707818
649	0.1556240369799692
650	0.15607692307692306
651	0.1545058883768561
652	0.1546523517382413
653	0.15551301684532923
654	0.1546636085626911
655	0.1533842239185751
656	0.15530995934959346
657	0.15585996955859965
658	0.1548885511651469
659	0.15649974709155287
660	0.15707070707070708
661	0.1565052950075643
662	0.15876132930513595
663	0.15970336852689793
664	0.161144578313253
665	0.16052631578947368
666	0.16128628628628627
667	0.15944527736131936
668	0.1624750499001996
669	0.16345291479820628
670	0.16281094527363188
671	0.1648286140089419
672	0.1653521825396825
673	0.16666666666666666
674	0.16641938674579626
675	0.1677283950617284
676	0.16977317554240634
677	0.16674052191038893
678	0.16627335299901672
679	0.16659302896416298
680	0.1674509803921569
681	0.16776798825256975
682	0.17055229716520037
683	0.17281600780868714
684	0.16985867446393763
685	0.1675425790754258
686	0.16494169096209912
687	0.1685832120329937
688	0.16959786821705428
689	0.17169811320754716
690	0.17065217391304352
691	0.16951278340569223
692	0.17097784200385358
693	0.16936026936026932
694	0.17062920268972143
695	0.17388489208633093
696	0.17473659003831415
697	0.17422285987565758
698	0.17767430754536773
699	0.1752503576537911
700	0.17145238095238097
701	0.1715882073228721
702	0.17148622981956313
703	0.17093409198672357
704	0.16844223484848486
705	0.17075650118203312
706	0.17018413597733711
707	0.16716171617161713
708	0.16744350282485873
709	0.16607898448519043
710	0.16516431924882632
711	0.16643225503984996
712	0.16858614232209734
713	0.168560074801309
714	0.17021475256769372
715	0.16909090909090907
716	0.1668296089385475
717	0.16768944676894465
718	0.16543639740018573
719	0.16717663421418635
720	0.16847222222222222
721	0.16712898751733704
722	0.1657433056325023
723	0.16590594744121717
724	0.16747237569060774
725	0.16772413793103452
726	0.16620752984389348
727	0.1663915635029803
728	0.16357600732600736
729	0.16332876085962506
730	0.1658675799086758
731	0.16509347925216594
732	0.1643214936247723
733	0.16377899045020464
734	0.16693914623069941
735	0.1678004535147392
736	0.16657608695652174
737	0.16589778380823159
738	0.16684733514001807
739	0.16551646368967074
740	0.16801801801801802
741	0.16542959964012596
742	0.16650943396226414
743	0.1674293405114401
744	0.16621863799283154
745	0.1630201342281879
746	0.16137176050044685
747	0.1600847835787595
748	0.16004901960784315
749	0.1591010235870049
750	0.1562666666666667
751	0.15712383488681755
752	0.15480939716312053
753	0.15540061974324923
754	0.15579133510167992
755	0.15781456953642384
756	0.15599647266313932
757	0.15541611624834872
758	0.15534300791556727
759	0.15199824330259115
760	0.15328947368421053
761	0.15413929040735874
762	0.15513998250218722
763	0.15484927916120578
764	0.156239092495637
765	0.15636165577342045
766	0.15794168842471715
767	0.15571490656236414
768	0.15488281249999997
769	0.15240572171651498
770	0.1518831168831169
771	0.14984868136619106
772	0.14818652849740932
773	0.15129366106080205
774	0.14885874246339365
775	0.14976344086021504
776	0.14776632302405496
777	0.14534534534534535
778	0.14505141388174808
779	0.1449507916131793
780	0.14564102564102566
781	0.14583866837387963
782	0.1485720375106564
783	0.1459131545338442
784	0.14587585034013606
785	0.14664543524416135
786	0.14541984732824426
787	0.14474798814061837
788	0.14509306260575294
789	0.1467680608365019
790	0.14559071729957807
791	0.14471133586177837
792	0.14507575757575755
793	0.1483816729718369
794	0.1486356003358522
795	0.1489727463312369
796	0.14845058626465663
797	0.14928900041823506
798	0.15010442773600668
799	0.1503963287442637
800	0.1490625
801	0.14910528506034126
802	0.14669576059850373
803	0.14842258198422584
804	0.14935737976782754
805	0.15010351966873706
806	0.14929693961952023
807	0.1483271375464684
808	0.15076320132013202
809	0.14820766378244749
810	0.14862139917695472
811	0.14864364981504316
812	0.15004105090311987
813	0.15030750307503074
814	0.15159705159705156
815	0.15245398773006139
816	0.15241013071895423
817	0.1536311709506324
818	0.1519356153219234
819	0.1515873015873016
820	0.15278455284552844
821	0.15450669914738124
822	0.15164233576642336
823	0.15129607128392064
824	0.1521440129449838
825	0.15113131313131312
826	0.15098870056497174
827	0.15120918984280532
828	0.15185185185185188
829	0.15241254523522318
830	0.15092369477911646
831	0.1493582029683113
832	0.14853766025641024
833	0.14763905562224888
834	0.14660271782573941
835	0.14776447105788423
836	0.1505382775119617
837	0.1541019514137794
838	0.1522871917263325
839	0.15294000794596746
840	0.15267857142857144
841	0.15061434799841458
842	0.14899049881235152
843	0.14907077896401738
844	0.1487954186413902
845	0.14850098619329388
846	0.15025610717100077
847	0.15053128689492326
848	0.14992138364779872
849	0.1506870828425599
850	0.14982352941176472
851	0.1502546024285155
852	0.14894366197183095
853	0.14673700664322
854	0.14756049960967993
855	0.14832358674463939
856	0.14937694704049842
857	0.14955270322831582
858	0.14980574980574982
859	0.1492627085758634
860	0.1486046511627907
861	0.14754161827332557
862	0.14603634957463263
863	0.1458478176902279
864	0.14517746913580248
865	0.14410404624277456
866	0.14547729022324865
867	0.1462898885044214
868	0.14648617511520737
869	0.14652857690832374
870	0.14440613026819923
871	0.1451396861844623
872	0.14436162079510703
873	0.14268804887361589
874	0.14231502669717772
875	0.1421904761904762
876	0.14318873668188736
877	0.142208285822881
878	0.14365983295368262
879	0.1439704209328783
880	0.14581439393939394
881	0.1453272796065078
882	0.14591836734693878
883	0.14611174027935073
884	0.14389140271493212
885	0.14431261770244821
886	0.1474793077501881
887	0.1485531754979331
888	0.14913663663663665
889	0.15043119610048747
890	0.15325842696629213
891	0.155910961466517
892	0.15601644245142005
893	0.15546845837999254
894	0.15482848620432516
895	0.15383612662942273
896	0.15392485119047616
897	0.15423634336677816
898	0.15224573125463994
899	0.1503151649981461
900	0.15135185185185188
901	0.15358860525342213
902	0.1523466371027347
903	0.1528792912513843
904	0.15429572271386427
905	0.1567587476979742
906	0.15605224429727738
907	0.15599044468945242
908	0.154643906020558
909	0.1518335166850018
910	0.15245421245421245
911	0.15137211855104285
912	0.15339912280701753
913	0.1545271997079226
914	0.1546681254558716
915	0.15466302367941714
916	0.15611353711790393
917	0.155470737913486
918	0.1537763253449528
919	0.15375408052230688
920	0.15081521739130435
921	0.15267824828085416
922	0.15218727404193783
923	0.15339472733838933
924	0.15633116883116882
925	0.15623423423423424
926	0.15633549316054715
927	0.15580726357425384
928	0.15598060344827586
929	0.15434158593469677
930	0.1559856630824373
931	0.1566595059076262
932	0.15550786838340488
933	0.1572883172561629
934	0.1569236259814418
935	0.15606060606060607
936	0.15961538461538463
937	0.15752401280683032
938	0.15792466240227432
939	0.15985090521831735
940	0.16079787234042553
941	0.15837761246900459
942	0.15884642604387827
943	0.1610109579356663
944	0.16265889830508476
945	0.161305114638448
946	0.16249119097956308
947	0.1634635691657867
948	0.16308016877637133
949	0.16476993326308395
950	0.16691228070175437
951	0.16543988783736419
952	0.16374299719887953
953	0.16323889471843303
954	0.16322501747030047
955	0.16221640488656194
956	0.16169804741980476
957	0.16340996168582375
958	0.16068197633959638
959	0.16065345846367743
960	0.16012152777777777
961	0.16061394380853278
962	0.1603776853776854
963	0.16043613707165108
964	0.16300138312586446
965	0.16395509499136443
966	0.16400966183574883
967	0.16270251637366426
968	0.16219008264462811
969	0.16310629514963879
970	0.1647594501718213
971	0.16349124613800203
972	0.16495198902606312
973	0.1655018842069202
974	0.16557152635181382
975	0.16499145299145299
976	0.16386612021857921
977	0.16243602865916074
978	0.16400817995910022
979	0.16409601634320736
980	0.1624829931972789
981	0.16243628950050967
982	0.1612355736591989
983	0.16188538487622925
984	0.16312669376693767
985	0.1631979695431472
986	0.16435091277890462
987	0.1662613981762918
988	0.16447368421052633
989	0.16643073811931247
990	0.16750841750841752
991	0.16937436932391528
992	0.17081653225806454
993	0.1701913393756294
994	0.16787391012743128
995	0.16680067001675042
996	0.16680053547523427
997	0.16574724172517552
998	0.16439545758183036
999	0.16386386386386384
1000	0.16461666666666666
1001	0.16401931401931402
1002	0.16420492348636062
1003	0.16453971419076102
1004	0.162765604249668
1005	0.16469320066334991
1006	0.16393306825712395
1007	0.16319099635882156
1008	0.1633101851851852
1009	0.1622563594317806
1010	0.16216171617161715
1011	0.16450708869106495
1012	0.16646903820816866
1013	0.1673741362290227
1014	0.16717619986850757
1015	0.16870279146141215
1016	0.16815944881889763
1017	0.1687479514913143
1018	0.16877865094957434
1019	0.17065750736015706
1020	0.1695098039215686
1021	0.16838067254325828
1022	0.1672211350293542
1023	0.1645487129358097
1024	0.16280924479166667
1025	0.16419512195121952
1026	0.162037037037037
1027	0.16222005842259007
1028	0.16253242542153049
1029	0.16350826044703592
1030	0.1620388349514563
1031	0.16123504688005175
1032	0.15993217054263564
1033	0.1595191997418522
1034	0.16265312701482915
1035	0.16130434782608696
1036	0.15997425997425999
1037	0.15822886531661842
1038	0.15908798972382787
1039	0.15737888995829324
1040	0.15884615384615383
1041	0.15733269292347102
1042	0.1578534868841971
1043	0.16027484819431126
1044	0.1607439335887612
1045	0.1607974481658692
1046	0.16110579987253026
1047	0.16079274116523398
1048	0.16183206106870227
1049	0.16277407054337462
1050	0.16204761904761902
1051	0.16202029812876625
1052	0.1628168567807351
1053	0.16248812915479582
1054	0.16310879190385832
1055	0.1640916271721959
1056	0.16431502525252525
1057	0.16382844528539892
1058	0.16335853812224324
1059	0.16203966005665724
1060	0.16111635220125783
1061	0.16124725102104934
1062	0.16107972379158822
1063	0.16150830981498904
1064	0.1605733082706767
1065	0.1614866979655712
1066	0.1613195747342089
1067	0.16154326772883476
1068	0.16115792759051187
1069	0.16113189897100094
1070	0.16219626168224296
1071	0.16167133520074695
1072	0.163681592039801
1073	0.16435228331780058
1074	0.16641837368094353
1075	0.16762790697674418
1076	0.16795229244114004
1077	0.1692355307954194
1078	0.17119666048237475
1079	0.17082174853259194
1080	0.16992283950617285
1081	0.16897934011717547
1082	0.16720579174368452
1083	0.16846722068328715
1084	0.16788130381303812
1085	0.16781874039938555
1086	0.16600675260896255
1087	0.16494940202391903
1088	0.1655330882352941
1089	0.16714110805019897
1090	0.16756880733944954
1091	0.16877482432019555
1092	0.16959706959706958
1093	0.16903019213174747
1094	0.16889092017062765
1095	0.17006088280060883
1096	0.16906934306569343
1097	0.16972044971133393
1098	0.17056769884638737
1099	0.1705793145283591
1100	0.17231818181818181
1101	0.17361489554950046
1102	0.17442528735632185
1103	0.1748564521003324
1104	0.17596618357487923
1105	0.17822021116138761
1106	0.17881253767329716
1107	0.17938873833182775
1108	0.18043020457280387
1109	0.18169522091974755
1110	0.18028528528528528
1111	0.1787578757875787
1112	0.17823741007194246
1113	0.18047319556753516
1114	0.17918910831837223
1115	0.17857997010463378
1116	0.17952508960573474
1117	0.1799612056102656
1118	0.17863744782349433
1119	0.1764819779565088
1120	0.17577380952380953
1121	0.17650906928337795
1122	0.17800059417706476
1123	0.17687741169486498
1124	0.17787663107947801
1125	0.17841481481481483
1126	0.17778271166370635
1127	0.1798136645962733
1128	0.18098404255319145
1129	0.1824918807204015
1130	0.18240412979351034
1131	0.18275862068965518
1132	0.17907832744405183
1133	0.18072962636069434
1134	0.17896825396825397
1135	0.17913362701908955
1136	0.17711267605633801
1137	0.176883611844034
1138	0.1778705330990041
1139	0.17903131401814457
1140	0.17782163742690055
1141	0.17658486707566462
1142	0.17694103911266781
1143	0.176188393117527
1144	0.17517482517482516
1145	0.1752256186317322
1146	0.1744473531122746
1147	0.17503632664922988
1148	0.17444831591173054
1149	0.17727008993327534
1150	0.17701449275362321
1151	0.1776426295974515
1152	0.17634548611111112
1153	0.17533969355304999
1154	0.1735846331600231
1155	0.1737229437229437
1156	0.17409169550173006
1157	0.17376836646499572
1158	0.17235175590097868
1159	0.17214552775381078
1160	0.17501436781609195
1161	0.17707436118288833
1162	0.1779833620195066
1163	0.17794496990541703
1164	0.17691867124856814
1165	0.17470672389127323
1166	0.17402801600914805
1167	0.17436446729505858
1168	0.17460045662100457
1169	0.1759195893926433
1170	0.17860398860398857
1171	0.17977512097922005
1172	0.18112912400455058
1173	0.1834043762432509
1174	0.18013912549687677
1175	0.17919148936170212
1176	0.18000283446712018
1177	0.18154913622203342
1178	0.18056027164685912
1179	0.178993497314108
1180	0.17918079096045197
1181	0.17998871013265594
1182	0.18073886068809927
1183	0.18044519582981122
1184	0.17767454954954956
1185	0.17604781997187058
1186	0.1761663856098932
1187	0.17572311148553776
1188	0.17507014590347927
1189	0.1764367816091954
1190	0.17596638655462182
1191	0.17691015952980688
1192	0.17670581655480982
1193	0.17668343112601287
1194	0.17597710776102732
1195	0.178326359832636
1196	0.17636566332218506
1197	0.17765246449456978
1198	0.17872843628269336
1199	0.17941340005560188
1200	0.1805277777777778
1201	0.18169580904801555
1202	0.18058790904048808
1203	0.18155998891659736
1204	0.18104928017718716
1205	0.1800829875518672
1206	0.18117744610281922
1207	0.17982601491300745
1208	0.18028421633554081
1209	0.17821891370278467
1210	0.1778925619834711
1211	0.17920451417561242
1212	0.17923542354235428
1213	0.17815333882934875
1214	0.17734761120263592
1215	0.1782716049382716
1216	0.1782483552631579
1217	0.17760887428101887
1218	0.17680623973727425
1219	0.17641509433962266
1220	0.17896174863387973
1221	0.17983892983892985
1222	0.1802100381887616
1223	0.182842736440447
1224	0.18364651416122008
1225	0.18351020408163266
1226	0.182300163132137
1227	0.1815131757674545
1228	0.18179967426710095
1229	0.18241117439652832
1230	0.18289972899728998
1231	0.17959653398321146
1232	0.17965367965367962
1233	0.1776426061097594
1234	0.17926796326310102
1235	0.17720647773279352
1236	0.17746763754045308
1237	0.17652923740231743
1238	0.17649434571890146
1239	0.17748184019370458
1240	0.17752688172043013
1241	0.17986838571044855
1242	0.17818035426731077
1243	0.177822472512738
1244	0.17692926045016077
1245	0.17423025435073627
1246	0.17216425896201176
1247	0.17328254477412458
1248	0.1736778846153846
1249	0.17431278356018146
1250	0.17442666666666667
1251	0.17383426592059686
1252	0.1748535676251331
1253	0.17353019420058524
1254	0.17304625199362042
1255	0.17371845949535195
1256	0.17307590233545653
1257	0.17411827101564575
1258	0.1752914679385268
1259	0.1750330950489807
1260	0.176031746031746
1261	0.177887919640497
1262	0.1774564183835182
1263	0.1769992082343626
1264	0.1779931434599156
1265	0.17998682476943348
1266	0.17984465508162187
1267	0.17933438568797683
1268	0.17874605678233438
1269	0.17936695560809035
1270	0.18006561679790026
1271	0.17921584054550221
1272	0.17894392033542975
1273	0.179719821942917
1274	0.17834903192046053
1275	0.17766013071895428
1276	0.17675026123301987
1277	0.17586791960323675
1278	0.1762910798122066
1279	0.1783294240291895
1280	0.17907552083333333
1281	0.1787405672651574
1282	0.1781201248049922
1283	0.17817614964925954
1284	0.18204828660436134
1285	0.182295719844358
1286	0.1830870917573872
1287	0.18281533281533283
1288	0.1834109730848861
1289	0.18330747349366433
1290	0.18458656330749354
1291	0.18375935966950685
1292	0.18253353973168218
1293	0.18181232276359888
1294	0.18302421432251412
1295	0.18454311454311456
1296	0.1858667695473251
1297	0.1865844255975328
1298	0.18651771956856703
1299	0.185732614831922
1300	0.18716666666666668
1301	0.18676658980271588
1302	0.18594470046082945
1303	0.18440777692504473
1304	0.18449642126789367
1305	0.1848403575989783
1306	0.18579632465543644
1307	0.18848508033664885
1308	0.1891564729867482
1309	0.19013241660300478
1310	0.1926081424936387
1311	0.19247393846936178
1312	0.1939532520325203
1313	0.19639502411779636
1314	0.19542110603754434
1315	0.19378960709759188
1316	0.19300911854103342
1317	0.1907491774234371
1318	0.19092058674759738
1319	0.1909021986353298
1320	0.19291666666666665
1321	0.19250567751703254
1322	0.1937468482097832
1323	0.1936130007558579
1324	0.1931394763343404
1325	0.19488050314465408
1326	0.19391654097536448
1327	0.19414719919618184
1328	0.19474146586345378
1329	0.19449460747429145
1330	0.1950375939849624
1331	0.19427748559979968
1332	0.1917792792792793
1333	0.1915103775943986
1334	0.19037981009495253
1335	0.1889887640449438
1336	0.18907185628742512
1337	0.18807030665669408
1338	0.18890134529147984
1339	0.1893079412496888
1340	0.18787313432835817
1341	0.18826746209296547
1342	0.18697218082463984
1343	0.1879250434350955
1344	0.18843005952380953
1345	0.19061957868649318
1346	0.1898588410104012
1347	0.19147488245483793
1348	0.19385509396636993
1349	0.19205584383493945
1350	0.19102469135802466
1351	0.1900567480878362
1352	0.18978057199211043
1353	0.19023158413402314
1354	0.1888601674052191
1355	0.18959409594095944
1356	0.1897984267453294
1357	0.18967084254482927
1358	0.18900343642611686
1359	0.18784645572725045
1360	0.1883455882352941
1361	0.18641929953465589
1362	0.18712677435144395
1363	0.18626803619466858
1364	0.18454301075268822
1365	0.18307692307692305
1366	0.18502928257686677
1367	0.18547915142648136
1368	0.1867568226120858
1369	0.18537862186510837
1370	0.18414841849148417
1371	0.1840019450522733
1372	0.18508260447035957
1373	0.18522699684389413
1374	0.18319990295972827
1375	0.18231515151515149
1376	0.18426598837209301
1377	0.18264342774146694
1378	0.18332123850991777
1379	0.18353879622915156
1380	0.18361111111111109
1381	0.1824402606806662
1382	0.18224794983116258
1383	0.17927211376235236
1384	0.17947976878612718
1385	0.17814681107099883
1386	0.18119288119288118
1387	0.1813746695505888
1388	0.1835734870317003
1389	0.1829853611711063
1390	0.185
1391	0.18375269590222862
1392	0.18347701149425286
1393	0.1829265374491505
1394	0.1824485891917743
1395	0.18265232974910395
1396	0.1848734479465138
1397	0.18339298496778808
1398	0.18428707677634718
1399	0.18553728853943294
1400	0.18736904761904763
1401	0.18896026647632644
1402	0.18729196386115077
1403	0.18736041815157994
1404	0.18877018043684712
1405	0.1892289442467378
1406	0.18807491702228546
1407	0.18589196872778965
1408	0.185250946969697
1409	0.18263543884551692
1410	0.1826832151300236
1411	0.18186865107488778
1412	0.1809608120868744
1413	0.18069120075489506
1414	0.18012729844413014
1415	0.17928150765606596
1416	0.1803201506591337
1417	0.17879322512350035
1418	0.17920780441937
1419	0.17641531595019969
1420	0.17497652582159626
1421	0.17390335444522637
1422	0.1740271917487107
1423	0.17507613024127427
1424	0.17303370786516853
1425	0.17167251461988303
1426	0.17113136979897148
1427	0.1724597056762439
1428	0.17342436974789913
1429	0.17255656636342434
1430	0.17230769230769233
1431	0.17281621243885395
1432	0.1711941340782123
1433	0.169934868574087
1434	0.17061831706183167
1435	0.16948896631823462
1436	0.1693825441039926
1437	0.16860357225701691
1438	0.1695526193787668
1439	0.16849664118600882
1440	0.1679398148148148
1441	0.16817025213971779
1442	0.16939435968562186
1443	0.1717024717024717
1444	0.1698753462603878
1445	0.16980392156862747
1446	0.17038958045182112
1447	0.1675074867542041
1448	0.16926795580110499
1449	0.16925465838509315
1450	0.1696551724137931
1451	0.16900987824488856
1452	0.16845730027548209
1453	0.16642578573067218
1454	0.1668042182485099
1455	0.1683963344788087
1456	0.16711309523809523
1457	0.16731869137497138
1458	0.16739826245999084
1459	0.16724925748229383
1460	0.16825342465753426
1461	0.16659822039698832
1462	0.16678066575467398
1463	0.16576668945089998
1464	0.16456056466302368
1465	0.1638339021615472
1466	0.16523419736243747
1467	0.1642694842081345
1468	0.1646117166212534
1469	0.16238938053097346
1470	0.16063492063492063
1471	0.160151824155903
1472	0.16094882246376813
1473	0.163408010862186
1474	0.16348937132519226
1475	0.16444067796610168
1476	0.16489385727190609
1477	0.16604603926878808
1478	0.1674109156517817
1479	0.16881902186161823
1480	0.16952702702702704
1481	0.16788206167004277
1482	0.16822986954565902
1483	0.16749831422791644
1484	0.1674303683737646
1485	0.1669921436588103
1486	0.16796769851951546
1487	0.16958081147724724
1488	0.16883960573476703
1489	0.16892769196328633
1490	0.16873601789709175
1491	0.16706908115358818
1492	0.16861036639857016
1493	0.16951328421522663
1494	0.17023650156180273
1495	0.1714938684503902
1496	0.17013146167557933
1497	0.16912714317523936
1498	0.16742323097463285
1499	0.16762285968423393
1500	0.16736666666666666
1501	0.16785476349100603
1502	0.1693741677762983
1503	0.17015968063872255
1504	0.1697584219858156
1505	0.16985603543743077
1506	0.17108233731739708
1507	0.1710130502101305
1508	0.17128647214854115
1509	0.16912966644576982
1510	0.17094922737306845
1511	0.17032870063975292
1512	0.1693231922398589
1513	0.16812073143864284
1514	0.16905548216644653
1515	0.16841584158415843
1516	0.16790897097625326
1517	0.16914963744232037
1518	0.1700812472551603
1519	0.16966205837173579
1520	0.16872807017543862
1521	0.16824457593688363
1522	0.1674113009198423
1523	0.16639308382578244
1524	0.1667869641294838
1525	0.16574863387978148
1526	0.16427479248580162
1527	0.164702030124427
1528	0.16344895287958114
1529	0.16442119032047092
1530	0.16534858387799567
1531	0.16441323753537995
1532	0.1630765883376849
1533	0.16102413568166993
1534	0.1593220338983051
1535	0.15878393051031486
1536	0.15799696180555559
1537	0.15750379527217523
1538	0.1577481577806675
1539	0.1563461121940654
1540	0.1547943722943723
1541	0.15658663205710577
1542	0.15729571984435795
1543	0.15880319723482395
1544	0.15776122625215888
1545	0.1576051779935275
1546	0.15735230702889177
1547	0.15759534583063994
1548	0.15920542635658913
1549	0.15932859909619107
1550	0.16108602150537638
1551	0.16102514506769827
1552	0.1625966494845361
1553	0.1623095084782142
1554	0.1608000858000858
1555	0.16186495176848872
1556	0.1629820051413882
1557	0.16287732819524728
1558	0.16230209670517756
1559	0.1597605302544366
1560	0.15830128205128208
1561	0.1585949177877429
1562	0.15765044814340587
1563	0.15857325655790147
1564	0.1578537936913896
1565	0.15833865814696488
1566	0.16020647083865475
1567	0.16152946181663477
1568	0.15948129251700677
1569	0.15762693860208202
1570	0.15796178343949044
1571	0.15822193931678338
1572	0.15681721798134013
1573	0.15605001059546514
1574	0.15444726810673443
1575	0.15482539682539684
1576	0.15524534686971236
1577	0.15624603677869375
1578	0.1568546683565695
1579	0.1553937090985856
1580	0.15597046413502108
1581	0.15737929580434326
1582	0.1566266329540666
1583	0.15529585175826488
1584	0.15560816498316496
1585	0.15559411146161936
1586	0.15614754098360653
1587	0.15524049569418188
1588	0.15384130982367758
1589	0.15475141598489617
1590	0.15545073375262053
1591	0.1552482715273413
1592	0.1556742043551089
1593	0.1537455534630676
1594	0.15427645336679216
1595	0.15428422152560084
1596	0.15248538011695906
1597	0.15271342099770405
1598	0.15280559032123486
1599	0.15329372524494478
1600	0.15386458333333333
1601	0.1528732042473454
1602	0.1521431543903454
1603	0.1496984820128925
1604	0.1506026600166251
1605	0.15077881619937697
1606	0.14987546699875468
1607	0.149989628707737
1608	0.14982379767827525
1609	0.14819763828464885
1610	0.1489337474120083
1611	0.1492965032071177
1612	0.14899710504549216
1613	0.15028931597437487
1614	0.15142503097893434
1615	0.1512796697626419
1616	0.15281559405940595
1617	0.15115440115440115
1618	0.15157601977750312
1619	0.1526971381511221
1620	0.15390946502057615
1621	0.15334155870861613
1622	0.15311344019728731
1623	0.15352228383651675
1624	0.15232963875205255
1625	0.15168205128205128
1626	0.1505432554325543
1627	0.15095267363245238
1628	0.15089066339066337
1629	0.1504706363822386
1630	0.15077709611451942
1631	0.15201307991007562
1632	0.1517156862745098
1633	0.14968360889977547
1634	0.14888820889432883
1635	0.14910295616717634
1636	0.1501528117359413
1637	0.14888006515984525
1638	0.1484940984940985
1639	0.1499491559894245
1640	0.15127032520325204
1641	0.15090392037375583
1642	0.15214169711733658
1643	0.15172448772570502
1644	0.151044201135442
1645	0.15168186423505572
1646	0.151012555690563
1647	0.14870471564460636
1648	0.1480076860841424
1649	0.14740246614109564
1650	0.14676767676767677
1651	0.14634564910155462
1652	0.14602502017756255
1653	0.14710627142569066
1654	0.14830713422007252
1655	0.147583081570997
1656	0.14688003220611917
1657	0.1472138402735868
1658	0.1462303980699638
1659	0.1454189270644967
1660	0.145140562248996
1661	0.14525386313465782
1662	0.14597874047332532
1663	0.14569051914211267
1664	0.14664463141025644
1665	0.1474074074074074
1666	0.14978991596638652
1667	0.14944011197760446
1668	0.15016986410871302
1669	0.15070900738965454
1670	0.15140718562874247
1671	0.1542689008577698
1672	0.15463516746411485
1673	0.15449292687786412
1674	0.15394265232974907
1675	0.15480597014925376
1676	0.15597653142402546
1677	0.15573444643212084
1678	0.15562177195073504
1679	0.15374230692872742
1680	0.1532440476190476
1681	0.15215149712472734
1682	0.15185295283392788
1683	0.1526440879382056
1684	0.1529295328582739
1685	0.15391691394658755
1686	0.15367734282325032
1687	0.15289468484489233
1688	0.15223143759873614
1689	0.15373988553384643
1690	0.15293885601577908
1691	0.1536664695446481
1692	0.15263987391646963
1693	0.1518704469383737
1694	0.151879181424636
1695	0.1526843657817109
1696	0.15283018867924528
1697	0.15180711058731092
1698	0.1505791126815862
1699	0.1519717480871101
1700	0.15187254901960784
1701	0.15080344895159709
1702	0.15129259694477085
1703	0.15081229203366608
1704	0.1510465571205008
1705	0.15102639296187684
1706	0.15219812426729193
1707	0.15168912321812145
1708	0.15126854020296643
1709	0.1518724400234055
1710	0.15218323586744642
1711	0.15127605688681084
1712	0.1503115264797508
1713	0.15110916520723872
1714	0.15189614935822637
1715	0.15075801749271137
1716	0.15247668997668998
1717	0.15463016889924286
1718	0.154976717112922
1719	0.15470234632538302
1720	0.15503875968992248
1721	0.15397055975208215
1722	0.15455865272938446
1723	0.15445927645579416
1724	0.15444702242846098
1725	0.1544927536231884
1726	0.15432599459250676
1727	0.15449720131248795
1728	0.1535300925925926
1729	0.15295932138037402
1730	0.15210982658959535
1731	0.15073175428461388
1732	0.15255966127790607
1733	0.15463550682823618
1734	0.15437331795463283
1735	0.1535158501440922
1736	0.15355222734254995
1737	0.1523507963922472
1738	0.1525316455696203
1739	0.15083381253594016
1740	0.15041187739463602
1741	0.15051694428489373
1742	0.1526884806735553
1743	0.15144387072097917
1744	0.15300076452599384
1745	0.1528748806112703
1746	0.15467735777014127
1747	0.1537969853081473
1748	0.15478642257818456
1749	0.15381170192490948
1750	0.15355238095238097
1751	0.15402627070245575
1752	0.15550799086757996
1753	0.1554097737212398
1754	0.1541714177118966
1755	0.15327635327635328
1756	0.1527524677296887
1757	0.1543919559855815
1758	0.1536784224497535
1759	0.15539132082622703
1760	0.15628787878787878
1761	0.15481733863335223
1762	0.15472001513431707
1763	0.1536018150879183
1764	0.15414777021919876
1765	0.15387157695939566
1766	0.15276519441298603
1767	0.15249952839086967
1768	0.15282805429864252
1769	0.15342943282457133
1770	0.15258945386064027
1771	0.15245623941276112
1772	0.1522385252069225
1773	0.15177664974619293
1774	0.15338218714768884
1775	0.15267605633802817
1776	0.15285285285285288
1777	0.15225098480585256
1778	0.15310273715785527
1779	0.15276372493910437
1780	0.15213483146067414
1781	0.14984091334456298
1782	0.1522166105499439
1783	0.15236492802392973
1784	0.15255979073243647
1785	0.1525583566760037
1786	0.15298618887644644
1787	0.1527513523596344
1788	0.15256338553318421
1789	0.15377305757406373
1790	0.15427374301675975
1791	0.1563465475525777
1792	0.15641741071428572
1793	0.1568693065625581
1794	0.1573206986250464
1795	0.15698235840297123
1796	0.15651447661469933
1797	0.15501762196253013
1798	0.15633110863922878
1799	0.15585510468778951
1800	0.15712037037037038
1801	0.1569498426799926
1802	0.15549389567147612
1803	0.15404880754298392
1804	0.15355691056910567
1805	0.1552908587257618
1806	0.15640457733480986
1807	0.15518354547131524
1808	0.15530051622418878
1809	0.15400773908236592
1810	0.1542633517495396
1811	0.15546659304251792
1812	0.1557027225901398
1813	0.15430226144511858
1814	0.15462146269753765
1815	0.15543617998163456
1816	0.15660792951541852
1817	0.15528343423225097
1818	0.1559039237257059
1819	0.15749496060106288
1820	0.15760073260073262
1821	0.15878638110928064
1822	0.15907427735089644
1823	0.16041323825196563
1824	0.1612390350877193
1825	0.16036529680365294
1826	0.161810879883169
1827	0.16295384054004744
1828	0.16383114514952588
1829	0.16135410971386915
1830	0.16004553734061933
1831	0.15994902603313307
1832	0.15956149927219798
1833	0.16032005819239864
1834	0.15898764085786984
1835	0.15783832879200727
1836	0.15807007988380534
1837	0.15740337506804572
1838	0.1571001088139282
1839	0.1580931665760377
1840	0.1575271739130435
1841	0.15835596596052873
1842	0.15966340933767645
1843	0.16022788931090615
1844	0.16137924801156908
1845	0.15952122854561882
1846	0.16006681112314916
1847	0.1588792636708175
1848	0.15914502164502164
1849	0.15913106183522624
1850	0.15932432432432436
1851	0.159544390419593
1852	0.1603221742260619
1853	0.1595250944414463
1854	0.1587198849334772
1855	0.15823899371069178
1856	0.15815373563218388
1857	0.1580326691796805
1858	0.159167563688554
1859	0.15836471221086607
1860	0.15698028673835124
1861	0.15735267777180725
1862	0.15677586824203366
1863	0.15832886026122736
1864	0.15565987124463515
1865	0.1542984807864164
1866	0.15305466237942122
1867	0.15211569362613817
1868	0.15284618129907207
1869	0.1527287319422151
1870	0.15292335115864528
1871	0.15216461785141636
1872	0.1510772792022792
1873	0.1500533902829685
1874	0.14916399857701887
1875	0.14933333333333337
1876	0.14980454868514567
1877	0.1496803409696324
1878	0.14899716009939648
1879	0.1485098456625865
1880	0.14796985815602837
1881	0.14715576820839982
1882	0.14844137442437125
1883	0.14874314037882808
1884	0.14916843595187543
1885	0.1484792219274978
1886	0.14857723577235774
1887	0.14899311075781665
1888	0.1481726694915254
1889	0.1496294335627316
1890	0.14821869488536155
1891	0.14816675480345495
1892	0.1485553206483439
1893	0.14826553970769502
1894	0.1503519887363604
1895	0.15129287598944588
1896	0.1507471870604782
1897	0.1505886487436303
1898	0.15108886547242714
1899	0.15107951553449178
1900	0.15299122807017546
1901	0.1533052779238997
1902	0.15370662460567822
1903	0.15332807847258717
1904	0.15416666666666665
1905	0.1540857392825897
1906	0.15468695348023784
1907	0.15439608460059426
1908	0.1539220824598183
1909	0.15439147895931551
1910	0.15293193717277487
1911	0.15397697540554683
1912	0.15242329149232917
1913	0.15308416100365915
1914	0.15363113897596656
1915	0.15439512619669277
1916	0.15367954070981213
1917	0.1525908537645627
1918	0.15154675008689608
1919	0.15146777835678304
1920	0.15140624999999996
1921	0.15129272948117298
1922	0.15171696149843913
1923	0.153111457791645
1924	0.1533957033957034
1925	0.15523809523809526
1926	0.15398926964347523
1927	0.15253416363950872
1928	0.1518326417704011
1929	0.1527475375842406
1930	0.1533678756476684
1931	0.1546607975142413
1932	0.1549775707384403
1933	0.1547766856354544
1934	0.15675629093416066
1935	0.15630490956072352
1936	0.15595730027548207
1937	0.15781276888659443
1938	0.15687134502923974
1939	0.15532061199931235
1940	0.15558419243986255
1941	0.15638845955692945
1942	0.15712324064538274
1943	0.15754846457368332
1944	0.15709876543209872
1945	0.15547557840616963
1946	0.1561408016443988
1947	0.1583889744906694
1948	0.15847878165639973
1949	0.15805541303232423
1950	0.15664957264957266
1951	0.15755168289765933
1952	0.1582308743169399
1953	0.1607014848950333
1954	0.16128454452405325
1955	0.16021312872975277
1956	0.15954328561690526
1957	0.1601430761369443
1958	0.16145726932243787
1959	0.1628892291985707
1960	0.16185374149659862
1961	0.161907190209077
1962	0.16248725790010193
1963	0.1616233655968755
1964	0.16040393754243043
1965	0.16137404580152676
1966	0.16236012207527978
1967	0.16392136925944753
1968	0.16222052845528456
1969	0.16101235821906212
1970	0.16084602368866327
1971	0.15927617114831724
1972	0.15901791751183236
1973	0.15759418820746743
1974	0.15635764944275582
1975	0.15532489451476794
1976	0.1568235492577598
1977	0.1579076041139774
1978	0.15822379507920456
1979	0.1566279265622368
1980	0.15718013468013467
1981	0.15836277974087162
1982	0.15738311469895727
1983	0.1577407967725668
1984	0.1590725806451613
1985	0.16047858942065488
1986	0.16163141993957705
1987	0.16024157020634122
1988	0.16062206572769952
1989	0.1604994134405899
1990	0.15929648241206032
1991	0.16069814163736815
1992	0.16070950468540832
1993	0.16090483358421137
1994	0.16196088264794384
1995	0.16101921470342523
1996	0.16169839679358716
1997	0.16109998330829578
1998	0.16243743743743747
1999	0.16116391529097882
2000	0.1627
